22737
195463
101479
646899
380970
538915
297370
179794
810053
684285
388121
894401
327784
977881
458249
311113
345059
62919
693933
463717
612479
556918
294312
113095
361854
326418
649987
900267
901842
138941
49898
785099
124671
892238
490506
592480
864935
258675
156750
270656
259183
685559
971215
745966
828245
311497
479688
927733
15001
473367
755770
458632
811903
551555
613665
710663
733928
588528
62118
923345
444946
682433
465313
205276
458010
585247
279657
225083
615626
972819
420387
685135
481921
119232
431327
329812
504363
505402
816451
353444
691485
947299
197822
352307
608305
293733
922677
558238
312058
197700
173609
971373
790708
334254
105814
187944
751514
199959
450536
205876
549167
772575
277011
27154
708935
274761
470053
55990
961751
66220
926972
503301
3863
946647
456856
561009
325047
698041
195
131081
545827
963140
458396
705402
105340
812966
677121
490019
258308
870015
40517
966619
988119
472809
928474
424128
426752
588633
488573
231296
856852
462760
758485
937070
530105
511142
817384
803967
156783
511694
214213
972042
151745
549860
553308
788715
814874
980699
572775
930461
358065
408077
528894
233057
771417
622332
450167
310437
179763
709445
209736
308468
963860
914485
121459
824107
164274
996668
836243
377309
600610
851236
490360
371433
326482
777693
290883
155718
304066
969657
759544
189068
303370
222437
463372
94690
18822
73046
442928
247638
378212
1746
103551
511337
937203
560531
492310
884314
38756
357728
453199
841210
775602
99211
220066
639578
582295
816636
40058
782394
549171
192633
792681
201227
98108
601508
486799
705647
270975
979316
974664
281845
422522
219288
654218
681195
758952
179221
610991
419855
231728
770316
880301
918550
338253
720392
520706
731291
890620
74314
181335
426995
364912
679659
790910
605161
233471
901538
173938
62238
432959
263812
272882
843680
834060
70966
62056
299432
319675
351487
524662
841393
855116
898734
854851
837449
98081
816828
265703
356616
624203
70717
694666
288330
191707
884893
471905
487104
412436
987737
767040
435186
432268
308916
70335
508057
20671
720520
454752
198661
953019
373122
318923
466561
137113
323973
863340
46445
949897
395627
781167
587462
62977
71054
809177
65925
779114
726522
371838
18139
479134
716678
74437
388696
529470
717224
819857
987279
824606
689909
993510
812647
555188
300501
352653
898034
985934
768216
950099
674731
260992
876396
19447
784196
450352
326023
974234
857134
841972
827220
504427
264911
550247
609964
247577
970879
817545
830705
928380
99006
599527
83297
775659
824613
10695
463021
342039
256004
85015
333415
629261
958038
449389
303943
623290
75376
369190
371431
672009
975348
185298
491140
747492
547938
704728
341480
200205
47580
748146
185266
580877
821603
851048
362851
64875
495012
392731
674869
168179
929279
294160
699291
334862
730262
638320
807650
517430
832766
350358
770357
685388
218291
886891
559840
710194
321491
645778
213197
434656
513131
83594
599664
388524
188550
281608
191513
707713
774306
808345
592518
729814
124494
588730
92881
787203
90535
586588
80617
249792
824185
440064
546338
145888
938880
811965
473781
741803
937257
795287
354867
244189
962959
654401
557051
847182
171726
141572
985774
307943
298507
534910
682104
234927
802152
115708
151656
776702
808993
120731
483778
689026
703391
692498
951688
193081
3500
334914
962054
268205
86680
455827
107133
346308
990746
260238
525913
227992
832851
253901
455121
233552
729365
801163
571880
926977
1628
125459
385363
416006
606086
171980
538709
236243
26256
153033
704534
196244
44799
461047
570757
291270
693982
165985
892511
673095
428756
880830
996804
779203
490478
709683
23580
211482
349109
31043
134356
769227
601015
20097
473716
29450
260483
396378
591041
788599
250560
56011
861673
892937
538262
290874
946610
775708
984824
573095
466785
533583
963242
541715
247707
29638
540404
928942
353454
697240
577329
503791
665657
257100
818628
708886
69153
742894
120113
127661
468098
183942
606246
294932
522700
96489
114945
275375
895130
745473
794620
719722
182285
474040
821783
121127
489796
376394
453893
992512
634596
81967
645233
754420
977716
828632
257485
971042
228147
435071
254813
177780
934575
524680
114834
564671
977906
238430
565663
743818
996490
844719
602703
914676
80558
482821
64745
807922
808249
808577
146510
733365
895829
540390
809245
535216
765999
956695
149898
13981
850437
580257
248775
915569
158758
962762
679880
181323
871380
840520
965835
818711
177051
52546
987515
807995
427609
994676
828788
426255
39475
239640
567615
491679
945367
807975
187412
253573
388347
27072
784739
8603
310429
859344
725791
381990
710942
35707
810150
349484
180182
556201
578826
954450
816090
685118
737454
439862
674074
407723
261178
68393
716576
829576
80683
826076
484043
461137
889431
994223
1686
942105
580363
464421
336681
499966
651083
646582
443601
707245
375233
986908
928338
197247
814693
918165
882248
470850
957668
420613
183412
786898
970952
866686
206316
435968
754758
828304
714936
145808
370195
840204
125325
113588
739113
862873
352484
472944
126937
773197
671028
240574
62198
5935
963629
639612
273117
568759
418584
174110
639407
745201
190652
366485
357194
826745
699261
835829
879178
541760
3429
657604
807728
998953
409547
122000
542759
543754
814320
476711
690795
606753
534643
903562
521779
399550
790427
494343
903323
676616
227149
607446
405917
401720
484096
881811
403433
927507
1318
524511
622538
919679
683831
461652
268454
323386
611386
383547
347255
759252
971627
703937
52697
8327
351695
715420
285393
242659
656214
920141
223524
317152
316751
105686
675089
447121
64371
702009
993044
646407
542919
864846
927887
235770
191674
316827
440889
531634
472793
204944
645658
400633
849861
818416
511947
694613
507630
146383
673512
913671
476517
89060
575847
45247
713100
389934
997413
905514
968119
354244
184040
157572
321033
406446
742850
141360
144243
852857
146784
947530
984219
122433
517546
581785
82163
726951
794479
345475
448366
682411
346791
448950
443615
123266
175661
361333
533742
557563
382993
185120
825509
117078
203853
699874
344568
648142
392812
71485
197527
958661
251857
129490
245243
192433
379302
279716
74592
983252
865472
73767
293937
424007
712764
839530
881241
111319
325918
277836
544962
778679
611247
685337
11131
712787
854887
178574
890207
873397
44683
972710
375171
394830
165540
712441
242659
535498
497239
593811
205861
739740
856687
959317
202863
816550
901064
968344
911723
69208
381505
746180
917099
517479
602661
11920
789823
639374
963671
310701
243130
813127
140115
892663
260154
499326
117093
523876
136750
931305
366994
628579
559742
676518
670257
814688
590917
551292
396433
305524
790439
10766
271942
775953
630998
275261
378964
972018
983606
568664
560292
887604
608260
951189
176291
671724
781458
825810
680901
646457
352868
470183
366909
645876
141506
916816
125183
941421
150921
818799
363665
488954
914149
842132
750097
879714
189186
391837
515197
37182
355354
112759
340723
124230
325536
248257
361557
661142
567062
379925
858028
305558
464778
250447
657250
474563
721182
518821
484064
584886
165497
369040
645104
321583
437508
511764
708866
567735
609559
540847
64397
683285
771383
241357
225311
909162
639355
233706
933231
808470
267650
894433
581984
7216
702580
286129
637903
122645
349722
481566
514916
916544
730642
201545
879458
534274
776859
491714
198484
699915
99970
512064
954398
388486
379329
416993
271577
316997
834880
441838
694320
723887
340582
562457
35905
77566
671572
337372
734236
685720
203142
880397
858468
175129
387898
292601
526817
663328
258532
257997
681969
914554
237137
313621
461536
785814
326485
909209
67437
722799
451104
266562
759671
737392
344
869521
527554
577143
384454
908848
741279
918317
145065
629553
868090
134270
592603
682642
507514
416468
846112
152114
695789
878112
339132
676320
596519
250231
611192
644938
229038
600067
683046
369364
780623
307305
755653
607653
409666
748322
952735
370427
677509
13425
22038
304463
282237
876948
203674
369226
936872
796901
318408
423577
919030
754311
420216
351542
446773
447401
969294
142742
544280
922089
238924
792431
109059
538181
43226
657333
511350
928445
324585
811109
4445
150722
283703
508274
850160
906683
810300
238141
603924
826870
347276
898628
181970
298065
33626
93697
107871
40110
347094
103613
153771
605617
22969
576827
760730
342928
315568
661056
225523
974739
113019
465760
2380
486506
142585
857232
229417
419327
553959
292137
799459
32038
184992
741841
580079
573919
893716
677547
437343
41898
969693
166372
168851
288332
910588
14690
826893
22638
966078
442549
660266
690505
346889
679958
149916
458459
637613
84191
77032
207249
630648
552112
152110
159293
353623
999313
704596
218154
939507
700298
574642
162437
745564
662321
892856
500874
238504
150246
118034
179210
258281
625344
255909
597637
585576
883674
913433
672380
799369
375736
172933
235562
903371
146447
34338
550845
163542
286908
62015
804604
313963
295837
80277
418344
724295
694626
680653
97851
293564
1699
359315
655928
977577
262734
538179
665813
820083
803153
746949
776978
525173
717914
866205
486515
356155
193023
154578
183371
271085
819006
229636
241787
866317
40762
755076
59803
637507
150966
262244
895716
71618
567128
116346
275280
644655
448053
586663
676433
587970
72040
654443
869817
753660
432933
221772
880562
158160
352754
188114
812098
940686
44279
399997
776960
132774
261912
879296
234632
213687
831285
314975
790771
519047
656267
239507
425602
277969
557051
326445
811158
289556
101505
569561
398655
317201
975541
686740
48458
453708
873886
167967
439772
213453
558672
975642
4268
223238
75131
736199
783760
535711
479271
880121
796367
103388
250153
397528
80939
120538
184363
740827
560210
763513
689075
800791
551879
574735
300675
151703
591365
345355
782411
608771
805947
116795
160780
498634
194752
519375
685541
215862
545657
36948
289468
332645
451342
125378
632610
399919
306246
402197
493177
855183
998467
942580
354073
872978
816232
314690
108186
422002
808852
354338
847513
448630
477395
731134
116683
850389
434835
952866
810843
326786
440166
249310
263362
244593
680187
509094
591926
6920
491211
453278
567691
926341
374394
735249
227008
640011
174386
731926
580027
635008
539
144129
581434
193769
329547
320461
174386
148366
122269
527002
128608
62599
953880
886865
671859
485993
411973
389990
93427
540399
36433
812941
925724
818833
242775
756305
694133
955988
205191
730737
137072
450392
679071
638857
588103
375765
666830
627757
918889
926144
606217
426389
321299
766442
9121
751329
407024
135564
554321
517565
719702
376667
269177
677461
465815
77618
969469
350700
116163
318472
754074
28159
849389
360981
125039
60423
903158
425078
930875
594744
508812
162025
619297
116405
588234
704849
849965
494162
326641
873108
239390
968607
247678
671131
3121
403408
683783
577214
952590
733605
502468
319269
952702
353311
392184
383858
959204
810555
118618
127366
888654
812817
130594
906699
180779
846075
384704
604146
809653
155354
50191
840543
468236
714443
280925
203885
864625
556153
140077
994263
276260
281073
684561
463221
589848
680554
913410
856079
535184
841080
165761
843368
412004
134235
398737
108348
957783
364881
847516
308971
107905
890184
472508
12300
635969
273841
899202
491620
812271
130956
692604
120291
961440
628382
560094
314668
324556
709937
71812
241611
467366
503893
163810
489022
745204
335042
491427
691539
430618
812242
564356
863791
470222
808894
711454
401375
532006
713661
564088
110613
444834
926146
362422
473640
614159
688477
813940
233419
786826
865573
401786
595796
902393
185739
215217
84442
104611
188184
440308
287894
467604
356721
818566
482318
592650
367895
496200
99116
421004
260879
636642
936355
751473
199101
25779
807779
4980
266960
773723
911223
377685
436664
741805
432224
786940
919938
545569
82994
514530
3061
396572
71046
124554
460927
754208
315343
562146
397960
938169
223591
781361
837591
458827
383960
159410
477957
441594
33425
620268
802831
454639
199245
796594
130304
393309
327836
118422
221204
456774
970846
536280
602630
40070
742995
477201
782574
812878
171051
414751
410057
952640
189172
488459
600307
365761
88343
613827
205008
632361
995396
284348
137641
989950
539479
16991
472036
692968
304350
922341
473169
508744
141758
179234
40059
718501
191920
646381
477965
600605
115282
817080
17452
47595
163579
206096
974754
310039
724877
381685
463121
266407
849519
958958
139869
632692
352647
752785
293874
848384
767527
749491
902014
671830
507963
190777
25378
366414
364337
379725
150278
266241
436571
45030
908121
116000
177549
410305
7296
570385
688341
817033
452330
921892
850680
451077
367745
269543
520259
341537
773781
621540
118205
702602
922196
542102
783082
175181
834682
115321
943058
936212
694090
222279
920450
366997
340010
21847
507701
933208
921905
982923
997864
202318
891652
610002
541867
399848
126161
397637
294116
387598
990981
245792
594501
80174
554044
20579
256206
685979
262169
767379
184001
599531
500820
229201
332873
386175
75709
726692
908036
216459
694788
734576
523290
866314
330676
761949
178264
81270
638293
578709
169955
784739
783744
531873
749271
732796
13827
27039
488695
18080
938843
860859
434166
562809
314414
872734
708804
115699
839341
820797
977740
595387
168240
952157
740367
320827
780127
409560
641838
424553
111442
29356
697507
954493
615967
110251
41860
434679
912482
825863
796051
665867
373998
309063
615265
516148
881478
627737
525115
187018
345997
116306
365366
911884
493434
897552
277373
378269
42856
795440
724066
776613
775054
332835
414684
119842
897724
269959
518335
986594
862796
595695
104213
363287
206790
121433
952196
434965
562329
438112
410554
15235
705802
651085
365060
964368
902163
856024
626369
840616
574355
427508
804665
436178
795079
54195
133727
294261
458169
359863
709703
733425
951657
571217
258372
806163
459212
680338
378493
308251
828079
412668
737388
947901
962478
430922
167885
586241
146754
58781
975554
27962
903245
733391
391368
701671
431224
31599
942905
998268
860122
714011
723060
843371
723708
966334
135721
611117
890141
138102
818919
881234
912900
407886
164241
912523
663225
334298
131235
512616
323728
39882
454092
725882
407600
203277
913124
364198
315906
28344
646888
217630
368246
87113
444518
461947
626556
103606
754724
412315
884424
798295
12877
730140
565612
342473
822527
273950
565320
725103
378439
599088
424299
752204
711242
987483
301306
891456
906252
849379
523179
889062
928386
969640
561052
326739
60297
496743
433898
173793
645465
59800
767915
32497
220232
454900
545532
117716
104503
178036
952053
122369
995154
270991
317886
632697
315078
412540
340986
662733
972761
565131
965398
394410
173751
980489
595420
104410
516102
381354
280347
375248
19717
601268
934899
299995
696028
432023
921673
747249
415624
792764
839219
199758
130564
539627
764859
229308
917320
164907
893812
187482
680976
83693
482776
332512
297021
10657
763995
256835
789425
217379
216601
16851
814266
816577
792664
510317
443619
744160
891115
514622
842189
884763
403027
730808
979417
669114
819667
410166
670556
835565
398827
326449
706823
877042
684698
855124
776384
653474
623759
548646
978788
578077
82962
811749
6463
191522
418226
15253
119203
431930
99
980030
772171
545964
987838
876558
681908
94650
800935
978913
439121
532582
64677
991744
801626
153324
231905
695014
492728
72656
347686
724229
145591
833078
780142
138617
550213
452424
758696
638518
43864
521681
357662
510099
662169
794983
968152
136902
54590
795648
60424
101261
294143
191006
512146
405668
770448
292579
417688
318598
833597
303622
509736
765584
508705
930586
421889
953572
108766
400502
14619
93135
263692
24694
901290
147594
847816
876599
813818
942664
889433
499038
946522
454265
891082
669960
73981
868541
607954
667493
350152
525899
262617
150139
289483
487064
899994
727233
598366
908920
593038
908803
780469
53332
196554
598303
509463
900227
668704
103772
305959
586023
343218
831292
520728
187775
18620
293522
65174
686324
533047
384037
930874
980314
411075
443146
633907
183513
195785
596385
919599
841076
713743
181079
177206
78825
974386
892354
626828
789451
791169
977293
501081
857768
916083
129175
153015
247816
198095
402917
252587
645538
52485
634843
642596
377504
720757
168028
647643
778059
261193
774288
697343
758588
625460
574127
432502
543602
172898
123577
89283
426639
580420
80011
678227
395492
692624
582525
163299
379218
618982
614805
485326
149599
815260
172581
392114
39128
624025
696869
497786
296804
848709
694872
872021
917470
473705
870805
739004
233270
315125
656903
629646
503523
227817
413132
386676
486067
554277
322970
37376
374115
318236
792572
120501
503658
436277
161609
268167
302144
269766
536082
870269
657973
348076
997697
737809
492535
834322
744281
293854
857958
268235
816756
542343
378574
730572
404961
110233
574501
687907
644900
318236
969443
827449
961876
155013
163158
230116
632611
391317
692578
504816
489544
921326
98280
896660
491444
833742
727617
206882
277191
345425
748469
739880
334113
747382
143383
424275
911157
888833
301723
241469
792388
669684
763691
979823
904582
251681
150636
811410
823103
714589
969547
139790
510030
240553
971889
95083
42813
591660
374683
662010
361503
952626
671859
180079
478434
948637
575783
950302
467260
660277
633126
725817
802763
590222
108510
90167
940332
388474
335355
773668
186602
871847
786686
775724
157287
32240
414223
804426
690608
325894
649153
156264
235397
522771
687922
620820
422516
72903
843160
172257
994132
829927
103827
234977
58499
324939
125659
377586
675742
982790
121357
317540
454822
50877
54626
238936
711605
693217
417535
729184
421941
737652
488529
605813
826264
469700
747169
348771
70612
965931
741330
923920
502424
911778
782478
752202
239886
211815
96125
641457
690056
723927
216761
650468
205194
60047
128893
994091
42714
457432
477001
250835
491661
877684
687146
477086
939664
37193
481105
414124
276874
936866
352266
681253
550841
938666
474292
126329
62128
33287
139344
170029
687685
241219
396571
462357
229819
620095
984904
552973
217634
32218
500173
384673
991220
216395
850936
667670
402091
555046
518039
283755
346531
875837
71975
439725
798712
264850
691140
217461
640802
160872
585132
962847
482728
349053
991255
544763
548973
190747
723993
474065
570029
874177
917786
370344
118969
650260
736732
159807
221585
117894
686713
175872
929976
703305
448191
179825
113389
912341
881636
908733
475868
627868
268407
825844
767880
662663
251104
107544
58415
928814
83263
660045
878803
510709
13853
80412
893742
104688
987949
438930
218080
804235
456489
347160
513269
304659
86644
18566
542270
600472
793880
986525
220743
823578
69770
279982
825302
487930
288175
128587
422986
789060
741061
432776
598963
261496
473786
515198
278887
531196
55351
35536
50248
398867
6365
983184
152780
892908
850431
115170
322565
97343
856707
353403
883143
674056
632087
784343
604701
620489
638910
445450
643207
341670
383131
75676
27978
224802
627297
186603
609951
229171
579712
106082
906193
201738
210655
40137
728355
65482
94143
423864
446740
664521
658308
962970
997770
976620
685957
973671
473030
40757
855141
690499
434322
38863
467407
992141
533206
412923
204750
594868
99388
568107
694206
34982
822330
758
942690
743138
178989
873832
784447
831067
102197
936275
330104
138564
629088
499848
181510
92670
308594
272263
508804
416368
565487
588801
624069
166911
581606
62370
873677
45218
708663
419369
612830
494853
808218
575950
923828
228892
924658
509007
452645
300071
7022
873593
21870
41385
522042
281109
892559
707482
962597
170292
269531
61345
326341
531964
434299
449628
25399
754281
337054
728647
81621
976803
704167
697759
757113
190914
489621
789476
804619
223454
672677
860903
689586
22099
925243
332508
9707
848004
729509
400948
505250
289858
289074
78739
801948
806166
661864
159340
980628
993859
453931
153827
707973
459795
548727
602607
910438
663615
47212
104922
758396
603437
414688
679510
468676
466460
740015
19169
124395
818752
845835
337979
248692
653616
266181
245803
3493
919593
797348
721246
517234
978315
329402
255015
657092
79277
109925
259284
289252
889489
665781
33061
835018
183736
894956
960270
582676
319713
96098
27757
176987
946929
560798
386841
415319
991231
506368
725225
335184
355102
246854
708642
152456
378071
885958
992263
758392
273325
646266
635562
349744
516642
81343
663984
355236
182923
76981
874003
552020
602521
556490
741330
999764
158479
379849
112418
178644
234659
180295
222858
631340
806451
818866
148817
279420
246690
989604
799613
221333
528082
615158
922481
445118
527808
159031
989063
474066
225614
908921
938541
214877
24398
154534
865378
632933
287255
28046
336126
378263
817720
756314
962395
434864
381578
73862
962388
230835
640172
534256
621213
180858
227897
357422
727071
656063
74875
160173
243107
525598
159390
902699
815911
358487
458980
439403
766227
262475
666783
405829
831266
221824
722689
410949
87811
267242
405913
143201
381251
915773
283445
920510
584280
435249
683582
524593
956598
552281
876269
764336
915245
664218
119475
357929
95076
902965
870036
728856
788748
507368
229739
990168
784551
336701
766033
950899
215281
373421
754974
50180
479538
716066
934235
171094
491476
940274
610793
278327
216562
933582
456903
851686
707964
872208
350026
803753
203447
660401
147034
842766
593743
417959
890694
820392
126505
224064
798042
97461
166369
984812
430750
339451
876338
917259
743508
388409
239378
554882
920029
492207
149447
676651
383887
186957
110864
682062
727072
840973
466250
554356
597933
726069
582043
500025
806539
950545
687854
323097
3098
486518
284709
418463
699875
295741
844569
857290
105776
601375
142496
138094
830402
162103
676256
75041
673015
273106
383462
883406
524382
976810
539328
441063
714776
980503
76669
574648
771009
976684
140287
965168
2061
756482
858608
817447
257024
10861
57298
585234
264344
316078
427508
260632
8218
784972
733545
102030
183758
16086
557408
956431
115591
569793
796732
324554
481544
578069
588826
78353
814615
149396
263665
701038
381257
793035
907006
561680
527822
247830
335572
523625
459485
558897
271573
906161
33793
139387
78012
412347
256473
471891
195341
767666
395338
797438
621472
163969
697296
916170
72775
929765
184387
517988
574985
416673
446608
83575
288961
628211
527491
87527
809872
78677
460458
677550
715600
584185
120176
732185
349876
478299
407121
448985
164140
597154
865264
728678
258134
534296
104198
794613
318560
466480
600014
975019
401516
606692
73792
171334
92848
542505
398605
556512
154510
68186
585635
939301
767555
391477
301991
746142
276637
547902
42832
774562
156941
973482
630839
142174
17050
337565
192285
969716
361206
918688
67191
175743
948195
463320
814575
672232
240531
943385
474152
48991
785934
512163
730882
294369
654402
30252
513719
289564
932571
563021
606189
936143
800830
733613
544632
194538
704272
446712
434210
379112
645964
33875
143371
45421
797702
144744
381367
614821
235093
110731
37332
783142
881861
495747
393638
294154
632021
839580
123716
771541
887030
201666
89242
139745
671783
150664
803193
407113
287252
147469
771232
484189
502846
61269
662812
155814
671414
870124
508077
966370
976169
557801
11425
785036
962341
973638
452594
822607
435060
422528
621788
421087
981158
965356
520519
700493
220872
594927
639297
544182
631279
493680
300176
34277
538928
998174
542068
692981
520928
282457
304177
782334
875972
638018
667237
643027
216362
399704
565549
130693
675726
546044
799169
54538
336682
448770
14350
502204
429664
873577
64917
815250
170290
746530
506840
613424
206421
23949
107674
265319
285269
213156
680624
987123
291133
398331
270267
724445
901076
941677
578274
471204
44860
744904
649072
919923
514318
174364
866536
61327
738845
258086
937321
502682
227872
463614
536653
869503
658714
458593
249447
928018
137912
961641
481526
858631
531459
909534
781087
682062
46218
314452
146024
444508
629781
367733
746238
919768
50454
274736
912782
478762
616147
318434
920320
536851
880438
560161
749072
342304
65768
63972
131708
85165
465500
185540
954947
741081
484594
434511
905890
11478
60445
133862
25272
795922
525904
112653
332217
568124
636453
175188
811038
72465
663942
619837
539093
972094
856816
411730
414174
215838
275365
798204
793871
49464
160191
180806
830922
82003
297489
763732
749881
116260
672052
947613
335307
295455
971478
577552
393923
314179
716514
772170
908567
487894
114428
420509
867154
423736
929583
362692
733773
772120
956811
198340
90383
164067
654709
641111
528498
425126
341292
682531
448422
149227
61997
383588
542065
394013
142193
293308
833603
360371
499357
285466
79514
232163
775766
569667
821955
394279
379223
269780
878601
382430
855425
206089
725737
732049
709570
664285
537477
951374
346684
188073
129123
849295
81467
624281
614123
757913
634403
70020
634242
229547
246385
329518
573502
462152
817019
573977
967756
984919
618210
800158
829332
195574
451054
762202
305836
385741
751933
868579
146308
713750
403453
398963
794350
876085
300036
989988
384019
767913
226871
624423
837204
982705
593880
716675
838317
31938
803339
878487
761881
399707
28732
119459
653891
371583
886373
881905
876352
936171
14866
837905
329548
848733
341273
424461
127508
981121
393447
792672
225856
619820
714938
560352
566588
116137
395267
652524
391008
36206
738135
554355
213238
602307
730961
773496
883298
691639
54613
98225
832305
97068
916282
821289
225958
88125
952985
54987
647622
495650
592293
600364
86926
353084
101125
471454
74731
883554
232204
68759
105985
582654
213714
446160
78682
676909
733418
363150
652325
512156
325787
500110
712053
136928
477667
679443
408005
540225
698398
146088
292164
906920
857946
202980
364655
440028
190882
127559
882436
945478
889372
124923
507834
721842
462839
936705
96502
937216
834175
342765
625573
927845
480394
319568
945070
761191
569251
689783
55645
829027
397403
783931
820528
943878
206726
987700
832034
696238
325381
854612
518237
207202
18810
619488
976002
384536
328544
188809
553938
455426
420818
293736
341563
352577
298095
95961
699435
551897
191247
364041
791474
119844
775178
355296
574819
816592
107523
765395
934350
233502
585295
172809
266145
234573
201521
360265
156144
155652
396447
587622
283255
434675
872750
773006
412377
256242
229113
411899
741701
99251
50921
168394
41918
777326
157310
390220
337105
634975
790811
791306
285572
691095
108338
146212
311604
602268
148573
200964
160595
919276
609745
586747
470750
668456
315500
362915
901832
931494
618473
398052
144909
155031
525494
366397
315382
626355
308798
29849
644655
35709
603498
684492
70685
30976
216863
177148
51524
530432
11822
81873
496717
999875
689638
842110
350634
767170
515109
532157
721343
640866
847063
684926
672473
533575
705625
669784
281351
838991
608397
936359
620565
949382
86332
300491
527241
151621
795370
588425
466870
594254
903037
442220
808639
366190
410679
327636
861670
542599
554970
335403
679155
237130
842179
245198
53650
46305
545186
2975
60681
102292
245806
634296
658756
963260
217019
180314
139967
794065
100235
101165
939931
420714
250430
640559
891339
996899
207282
848401
315908
844883
138954
984272
581878
95160
778722
374560
419629
985120
174313
414759
441074
553316
516726
423245
216608
796032
509328
434998
277546
130316
786496
626535
640595
872416
72115
691400
833035
857704
930077
155536
445393
178857
1222
810460
186747
582271
991601
40984
267372
479524
464618
483577
65726
159817
138833
594067
59650
722989
929710
6469
596153
431530
226558
855082
457884
817091
548230
873685
210775
52212
997735
127679
719224
94970
251858
241498
325642
957976
157835
584042
61941
243270
988696
20856
602455
962294
112519
536742
855222
642133
831975
69652
426463
441390
928134
544402
964880
681493
554100
29121
427044
181680
837233
40029
685033
836532
980131
144362
682480
484068
741976
411033
910064
709302
71892
722688
744075
590851
821584
419340
255329
347362
491791
981806
22443
817355
718533
732486
687761
341707
930301
355335
516724
884646
219147
665700
181593
893653
540580
255078
344378
369817
46645
19247
675603
340590
984825
263085
589060
412441
911736
988146
942075
579532
125146
718205
996591
496765
614985
864627
280693
659095
672740
786856
58690
269973
386778
122319
66450
16968
131726
830631
671635
16422
370818
173751
749096
436808
8054
870920
15978
528662
594914
48181
256616
257325
25770
466222
130421
469564
534445
441043
648827
945671
357142
187453
78039
761401
876424
377973
894981
658894
867157
485810
273686
961038
810264
344303
682432
940097
701134
441638
452004
729223
110825
949782
145058
568265
997549
694791
938924
422881
889108
904128
577969
331995
99291
283478
554838
259460
398328
183636
577567
46965
647568
775922
193391
359036
567299
437076
217543
628884
54361
938765
939167
270816
294202
767879
140057
935702
644593
335928
832797
767470
927510
344898
48384
915282
841749
48089
50059
923982
80881
199806
867420
913871
471367
888357
278712
453334
358891
1619
957611
916955
683612
480266
301443
54439
34111
98373
971333
366824
314592
355561
371386
95824
84278
291060
666916
319552
250536
858395
169697
823412
470117
643442
544745
222038
868559
318229
850973
166771
456826
599635
24667
582602
937961
449777
729438
483819
909243
843912
113019
557469
257863
111502
549382
746919
169179
965423
338605
540936
139087
149853
419780
128528
183566
693217
11332
984393
827470
720797
138563
62328
835126
890544
481613
400991
740482
805221
434721
375115
828526
512382
151725
162556
665658
387979
590334
518365
265159
870628
696621
504889
78925
526485
691068
602168
441716
21157
819518
205971
946267
130669
467090
483869
108515
703165
502379
796483
263727
230317
989866
209491
423860
745229
734198
328655
702471
384912
342743
358653
4393
457246
837002
706873
817300
645658
289076
970387
298834
613666
585057
551752
486960
682454
586639
354978
344182
408058
64633
592775
290046
117597
179892
647468
185338
806511
241230
190440
633294
438681
643945
692384
153031
68671
213097
931246
968941
421955
758608
351571
999732
76314
268432
526434
628476
949848
28740
40866
877100
763774
772958
154343
488497
125316
332486
795988
254299
371501
735094
721984
103008
872109
369837
392658
152571
940090
732970
152765
770540
626099
392565
228260
686484
367407
130329
850890
651223
714648
801562
127791
585570
823069
845782
217949
717552
406267
974684
572831
819886
111736
511369
579394
356307
996720
18670
27114
505434
593741
342593
773332
101295
155028
116201
689100
204561
482820
791717
516233
737381
958842
351687
438314
880771
635810
117013
88463
378886
82321
657237
836639
935959
263466
441391
69879
148053
561911
608483
711337
683954
660072
32456
225792
369449
415007
330297
863949
626332
25546
973147
580139
66204
999150
962889
934404
23250
774753
477233
125007
177431
1915
123566
101794
453940
250453
455103
305576
868501
804662
739386
424190
669203
962092
713520
674301
523073
95791
717926
849779
452890
190911
320849
141390
471228
205192
827801
326372
634815
160987
866616
601022
353186
872283
397249
294206
307408
640619
228395
153659
246706
882063
306484
791219
395143
349850
704268
573636
215090
779237
541550
253695
550347
229977
961802
980576
201094
971384
423524
192398
687395
620062
759215
324283
609375
328779
845566
226581
920777
477523
712497
61209
423498
902939
457800
447945
171280
484845
28439
139477
81831
775281
606274
375056
169851
680265
868659
108349
202501
647159
207509
380369
340040
510870
591745
418730
881432
90837
475879
768687
690464
536977
5179
770813
391323
964606
284568
459136
395810
714581
459620
46556
719296
578197
399769
963022
862057
871878
379253
546807
84566
248046
282630
671619
445623
433081
585825
391153
900344
665730
852249
127902
543261
456402
280641
148295
158482
479110
95015
834343
565370
347050
548076
154095
518454
839718
924084
164494
778450
960894
825895
817004
189796
846863
22502
397234
168875
896418
520938
305685
162842
971704
86635
759072
186837
438964
701521
452688
540572
248971
323224
446671
103758
32928
468295
873711
226245
255129
190626
164836
143012
249893
892693
201726
567162
544896
248824
126014
793008
788195
62173
769358
425390
693020
15463
168426
278131
443139
753988
566043
517682
145229
526835
922581
726799
837698
358997
702809
690010
421322
594853
606529
687123
118674
867123
741938
452407
162398
527333
69444
779392
666814
971335
300459
668588
257563
32938
231333
998758
765126
781493
653920
521573
259048
792386
29405
166517
166766
872814
301680
401250
880205
304107
179516
751072
76244
526611
162457
566958
818580
287698
242997
744831
101097
734903
174404
558357
442938
949505
848461
371120
416094
214615
533425
256831
318907
860153
268735
422002
842763
179648
214461
237406
149055
121674
656021
393404
839272
252341
838276
109422
138009
615679
835092
778243
765557
167554
908628
772224
485800
862031
577159
911720
848405
554342
164628
673220
772056
593928
545270
567307
46533
163897
483938
995267
694617
179688
36250
551022
377963
750347
257094
561545
396017
322718
749114
410618
784140
257308
775164
800304
950285
674318
700995
247
268893
802113
407355
259948
342930
465210
898368
91542
613144
390088
796611
185807
618263
414461
968595
633567
602495
264640
544454
787768
437390
135154
584711
270304
55784
585114
626123
740978
860115
822929
830487
567423
449573
600924
817944
968654
444168
941160
506816
749929
974495
611608
449377
616575
501324
531945
541712
670919
895908
818480
26244
202594
905873
738396
360028
419826
984557
646164
697788
3265
446337
660105
528060
562034
394855
609220
280765
499303
783906
365557
518462
599535
910120
349566
555995
366736
882747
410376
135445
278793
568703
865376
63379
899914
582868
945295
605116
836831
841499
455614
40782
363626
459235
171629
612002
867866
152312
425986
306611
577795
600264
31431
818041
350584
785145
856655
471625
136673
656060
776951
825955
563884
528329
700488
3809
817117
804563
601439
478635
128385
38032
978257
880674
301347
846261
21199
655723
139673
443700
37982
483120
193432
221881
384796
55554
362382
476553
10812
88619
784830
660671
637357
568827
917090
573353
348266
892447
765308
907424
680926
361379
316371
157592
56006
800704
211999
406971
116370
241790
248348
577881
24843
687223
321788
102219
783699
188242
335654
47586
280624
397950
918117
512588
286472
395420
812059
531464
782299
420540
599988
671202
346123
314906
706065
747500
503041
491173
195373
640722
337660
136990
222343
594343
228540
89267
688428
896964
141255
645543
377996
574850
12662
864928
55579
645476
625723
461051
820392
712689
836399
744385
920132
585543
711189
284820
642782
336859
333053
64408
699659
89178
555178
487894
567216
242451
859527
594988
527496
113302
507043
389520
613060
693599
308717
8162
112631
969391
718842
703583
983971
292770
306192
435672
205426
634700
620531
391388
296531
514095
683488
536762
668648
173994
574979
305016
550376
607983
520979
214874
482077
892572
50714
459592
724749
378860
603923
480868
753882
250503
323169
605345
446424
918151
190540
663339
855276
164943
149222
407391
921337
596571
481603
713485
947467
154483
132993
161082
101721
416497
884070
997630
419877
608570
402483
309994
542656
832061
184067
210027
730154
900168
936883
176241
252289
300909
152389
8155
50119
30760
948866
473414
671010
1442
868475
946490
218734
236320
982860
823623
169813
346950
386436
779039
103754
316009
525420
288707
771354
570093
544038
335356
785556
66636
173269
504800
117771
283405
965365
457948
942961
918426
782
226981
157037
770788
786583
481988
964964
161319
653746
448260
309096
482167
791186
899361
174066
142740
110395
694799
723635
761662
132048
656953
169164
96429
637788
939743
399858
610897
774534
283955
341893
950407
750910
60936
485376
561725
487758
552622
620314
525158
132120
412142
767844
954692
612372
87290
969576
710927
193072
865888
142033
509503
170670
387333
105476
592291
822038
682133
42530
941950
344037
579602
553472
292636
85363
57794
599872
152374
12014
9172
61909
642210
772237
87952
917354
797774
144538
656784
13927
830129
324276
125953
190823
173437
590889
70063
406575
501754
116806
549939
379844
740749
237254
252996
306277
205721
252321
37236
731496
672490
27548
453598
511486
201852
775010
555544
850111
280670
968306
380216
986055
473344
771351
125756
225802
611577
25795
345926
335846
734765
532864
378980
100569
494420
231963
17272
598860
148644
272707
442359
582064
110513
241433
442897
12237
687857
839478
159861
72552
534611
638001
399741
757165
86470
789674
272205
659125
547452
775475
569482
404321
435310
418021
914995
76824
580319
892474
727931
540499
477566
476963
904621
639723
66848
794509
686893
532647
521092
649220
883413
29949
137188
203467
872495
994602
77045
323131
289391
405550
538867
940685
918306
143696
617853
317201
788300
670186
548874
670205
116761
477698
989793
122740
474916
161048
952264
919180
995919
894177
297908
286572
442283
670667
14938
376597
211192
594798
269147
561335
25980
779362
430072
827789
359816
264762
274654
191890
303584
716656
796800
464355
817262
876984
576313
798362
658274
103324
375812
797566
11817
166070
400357
159089
632380
746977
358208
540944
688464
380979
722892
495572
32310
370947
96233
239918
314545
268171
271864
598796
353712
684897
488938
640780
461343
734212
78868
879311
474974
330628
40787
799991
942435
731329
443345
278262
641595
311650
48750
35306
923843
20048
925221
993568
705001
906351
153306
151136
299855
577992
6296
716188
791609
656147
116556
359838
724608
545661
114680
382879
139720
277655
609235
492346
875648
765039
148027
375386
35914
393077
62191
889582
783481
245889
883365
1446
667054
964942
60718
427207
17314
385479
402384
486083
957370
259186
401250
831101
884343
385047
667164
614783
991778
674435
104693
298547
637848
205837
591755
82898
383582
195075
321177
108324
285033
909578
851764
328359
296492
221766
333943
974467
636493
471775
197485
699947
698112
328480
679771
301568
115385
805371
376950
357258
486831
80095
889479
209313
175425
563119
221509
307202
781587
261362
973518
219077
710343
814498
806930
770750
291448
886994
25329
938387
368930
287647
674685
306199
174981
706827
414261
674079
985228
682699
627502
409914
78428
178073
272312
443823
383989
897028
45530
98762
771404
437422
485138
456797
243379
472397
940930
671375
873080
811593
108574
583802
517310
851080
216119
226463
569705
30126
895938
820367
891850
92607
54222
687798
536764
184959
301359
656510
862941
95744
538204
643988
680085
958609
328967
377901
461110
217903
639236
299786
677929
352169
821865
285227
263413
909393
788866
206261
28338
670085
30591
188763
115782
322282
168907
313488
659148
814980
149391
958391
537021
554110
742728
100830
969892
864412
614092
747524
574878
680623
374034
86827
580736
933503
187052
449676
185451
410915
911528
654825
781710
829356
386214
845452
385711
960308
223347
392695
959490
99597
924609
80229
929811
727445
730693
811923
447299
142479
565123
663086
490211
968245
167258
969627
284947
757803
215533
102832
327835
4589
780593
674860
641050
540512
964520
570784
910175
389132
78421
371965
607916
360893
287024
10287
380035
819766
238269
833483
299995
711386
601931
283848
796833
727675
136481
25363
434620
898061
320346
291838
863762
673804
90466
511420
410710
379427
689225
746590
968905
491690
169819
610687
403542
445541
60311
19615
799376
705286
445271
48217
637727
893107
523507
359692
712829
657884
38796
809527
127566
662007
436422
287312
185994
144664
361629
700211
476414
737277
717967
960481
873206
959971
744708
24556
264747
560556
945662
270673
977651
194027
504605
753966
267937
872373
270836
699809
147843
290901
866765
577692
976517
24420
842241
390272
523186
837320
784987
956702
178794
927797
164842
277171
122065
79774
215127
517179
263345
231261
174733
647892
845466
662592
703737
419342
223953
81243
747440
668329
151404
614797
935942
354464
226579
996342
302112
999697
128248
914414
568966
936845
815868
290902
617190
99108
929169
718742
192590
705622
357467
216537
420933
815914
964587
503560
916789
58797
855185
260851
474350
94868
709465
606317
710211
736258
626955
512990
49731
552768
32270
257023
633834
313306
395988
475263
374724
924286
715659
616318
805239
880071
316490
77983
577688
407037
533351
269043
314959
21941
675255
226826
123820
191246
699599
831630
322452
161776
451683
926444
205350
467911
95679
190624
792443
802708
857756
706844
383852
276646
933656
712869
482041
947351
884025
958797
373825
823336
247288
179267
487682
301671
783776
327556
454083
997085
87715
948808
523085
45878
412995
831211
863670
251880
710024
284838
993538
529490
94587
205520
960021
350472
834864
544336
380317
87782
140484
547206
987830
29584
36714
679914
392290
789079
423072
173995
398533
254165
421794
820049
279787
380085
972737
193953
97410
38377
284679
800781
650796
454620
901292
840624
655513
730288
677498
828921
15721
10653
575663
913843
102172
893428
279155
947096
348710
390641
253661
30913
183388
795567
105715
900387
483224
66953
429654
458287
946951
264504
847358
897689
225593
647673
299827
26438
952466
193092
831383
359890
121753
676846
929995
853651
550904
625509
887257
242798
176754
932413
476734
749186
836772
220466
219655
208266
397678
592305
2482
239157
313765
461242
636655
450876
980498
553356
771927
11450
477235
332151
806966
536377
355990
368519
805305
153076
73847
879108
930431
597658
989289
846556
6237
736424
261711
885842
316945
949185
96417
433088
519989
271463
897718
239065
73173
635580
565783
425649
99957
491844
762233
833007
768786
499268
643086
512336
842808
206871
255899
58180
518500
372044
983679
196366
288076
850875
835962
961267
472483
175086
336633
214474
852072
626141
228623
60085
431746
658187
255629
192494
787326
575146
538946
670826
126565
448021
967274
975059
749898
14527
656498
834313
92643
134355
488271
468569
330667
420064
459037
155382
45042
336386
541802
106933
845881
352129
124399
860559
740133
832946
241498
381572
960547
136166
977996
243262
165602
23268
662067
655673
771274
873098
914856
27431
197546
491333
786058
146237
372777
613842
608108
216920
846990
517650
411154
222485
607029
382122
537971
559960
987196
679389
708244
601355
634668
226971
822522
924908
123243
459440
482485
25509
823307
971363
179141
494700
587925
94270
600279
572742
752385
543817
132675
830542
850936
459545
378443
611873
254305
879167
603286
815115
167184
115248
613615
371296
142787
264260
31831
751976
131849
186573
254791
696660
392704
533804
91961
280071
86954
629739
796393
703356
172004
755160
44204
445330
28928
482810
449291
484658
438223
791197
405817
938920
103651
382219
419528
985729
495899
530743
888026
798528
715339
15009
278289
997888
634353
848272
720076
845481
529080
17786
403607
129142
61428
426383
341248
969500
931984
118152
635080
271455
294189
183172
583738
434738
494861
114351
241575
173228
219203
215926
49525
590157
440074
9199
816117
533697
451540
21311
417792
494585
89898
178755
178664
602862
169404
92645
339985
693059
254772
313200
875292
933817
44533
329868
13228
704875
105967
743923
822746
169816
733257
232852
379879
81415
978790
199890
720496
880391
420866
785609
738836
433087
496847
609851
95688
848510
94546
382616
647928
624648
446488
920678
793255
677482
23693
916642
141056
940190
520099
569578
418010
651437
734478
112797
984773
845127
545997
660254
243709
705324
342781
909587
9554
871099
700450
335198
965026
756394
735998
563249
126332
398169
841521
228813
158435
384276
35823
938111
145961
635507
672438
401676
15097
36277
649803
479279
271700
261099
406856
7962
150645
307563
115666
199917
519921
543730
222437
630089
454693
214315
396965
331315
598194
257165
136014
304941
155713
893124
196706
520691
594910
152825
883908
419553
330178
181491
201729
754788
535212
168422
833067
647588
488725
858062
530105
116546
312296
477600
72207
173604
640337
562317
965761
517717
432117
280573
294810
638724
511058
553872
231002
162128
173885
201587
773942
364906
196365
641400
595545
85956
360266
849578
711355
747197
350174
244581
983385
787329
675713
147533
301965
40540
982476
187682
656346
816126
344878
724472
429536
368661
556961
431380
424138
412359
354025
588094
999695
438160
107558
538402
84084
13641
70063
539785
636794
130756
314979
494945
197678
501995
348731
334767
814037
876997
674923
418433
608560
584739
422475
303153
401592
120756
629848
613901
492211
883157
442005
548261
195223
833183
622178
410151
944250
960596
913755
546580
422107
222664
207469
99815
944354
793741
12271
677550
544763
841342
971455
759660
845092
681776
608451
812362
481671
650424
642001
695765
434886
45534
580628
779024
920483
205893
407398
398177
797776
299988
900278
152318
170990
917820
687245
906573
804951
871962
34077
298790
894406
522341
556931
892627
937343
528089
172230
284742
364587
703527
796688
228864
67020
717807
248999
547150
968462
597601
101613
897681
278567
525054
11150
877052
639473
137101
168744
6319
123599
43111
702081
230484
63646
691701
489861
782118
705845
949700
168975
214839
687401
857100
693742
520983
187588
71861
276021
968131
419541
308066
293439
124004
867272
900701
842333
174028
278816
159847
236909
397674
166463
736731
861621
256695
290448
270868
424289
606456
901129
28624
699177
295058
270924
369439
502008
359998
748698
240414
815768
118599
493195
437766
264672
99674
160753
226092
248936
348738
501304
743564
923970
269043
586362
919398
550450
405680
942191
283394
603599
29360
237593
682480
566768
774967
935479
811172
776780
474443
597272
281369
814248
315100
922680
624154
2820
991483
927934
510958
713552
580112
190829
959857
593120
859121
178981
954585
611473
862139
782367
256026
849779
430932
689659
301237
133491
58184
276351
403492
381954
549381
446411
961611
680254
969170
966399
118137
833223
71476
280868
191156
107527
145597
89042
516450
765514
370523
930585
691156
807600
383750
640841
169045
241948
385975
284954
474436
700597
336708
922457
979628
231447
375443
539659
278549
908228
293207
123065
789872
552498
92488
183903
80244
656166
792404
663793
768906
334063
308258
78459
948310
100066
468043
201961
374091
418246
681501
159039
850934
415132
50207
448240
176635
139241
441196
939240
123077
419149
23762
686001
122132
693333
175680
326161
51297
655668
340368
151531
764122
3653
82516
414929
51264
48558
237723
655513
420805
855252
438856
392276
221093
875242
743246
853623
3686
727930
615088
280248
517709
982143
866796
463635
676842
200612
682306
128967
391778
980383
980801
43166
161073
955367
254888
814171
13556
148265
860208
111330
886376
9949
616074
317411
557081
94965
389425
953023
146746
18969
797381
968950
500666
70418
499086
42739
386483
247508
117098
125780
251876
627897
632274
845884
604355
233490
749700
721809
565445
418787
10533
110210
230717
878705
534435
533392
62768
834074
13251
488236
552556
265028
214122
181100
453638
568269
55912
780398
321408
83474
809294
686521
430793
856600
608385
9761
286740
505049
573122
868086
621755
979113
235792
528496
366183
559821
395767
1469
987672
830245
504669
371366
32167
161931
819202
252295
57830
413574
809673
798062
597245
231314
466074
662085
43967
109924
134286
758777
722778
987484
805291
390840
443029
485552
902516
662730
137562
580496
63778
598909
20029
659542
257626
484171
584164
164315
877291
629652
406348
521275
765305
182279
311319
73602
348995
475868
890823
712449
561113
386126
971470
357163
603251
300438
540868
509954
286865
276710
803599
963669
439465
941631
56120
723026
612580
365212
296563
112934
511821
531132
125022
637099
76561
604627
947869
927762
994089
674666
636999
927517
590646
606891
741606
971685
510126
744564
616974
427947
849010
906840
184559
386373
239632
397283
761315
462534
951504
272534
872796
144048
579441
458679
415820
485963
149960
770800
12526
677999
160366
853377
351715
970774
594665
563541
645177
853160
908648
15207
985860
622010
261869
839480
474386
874806
33091
447973
362590
726589
784836
140584
567010
312483
332741
505166
411209
182249
941939
68721
132807
832490
528370
59249
626034
930572
459432
583798
560583
904706
45004
472414
553128
530324
534142
593623
820650
32031
82014
702263
167679
237405
713402
369974
964322
895875
469722
671481
575695
514162
831848
295946
498954
791619
987686
132421
457370
547730
209779
922642
652843
125774
359367
883504
921318
280521
603782
402583
433809
321812
239492
485641
737961
689767
665755
983257
748126
666128
176126
981447
646110
585272
699773
146271
551629
383222
253122
535397
348612
206497
602377
376699
229162
280513
611131
504987
639428
371703
436376
831678
425232
405415
655654
476041
147328
736559
875298
126202
204938
426534
669832
240788
967736
361504
827105
306901
114464
685589
838395
953617
857409
231902
770772
975028
80103
989821
33052
610149
747560
446959
62724
246232
50464
154020
615881
409713
996481
606017
324677
548307
648851
856384
947072
779967
553040
435701
464742
187639
377725
752638
386459
983585
611662
831711
491377
24267
704829
452143
983826
452283
170464
146190
10961
985302
560349
177730
212600
915401
771950
311222
788312
628640
755675
743347
683396
178826
7176
840624
363169
605208
971847
839332
78672
490055
882249
280843
116833
925586
900394
176439
153789
966893
223873
427791
146612
729942
674957
33870
366866
899437
227224
534292
517879
321061
65300
276930
252099
666370
51210
507641
674783
355762
201124
207422
704267
333322
509509
515550
979474
707945
268327
739487
216027
601805
582534
754847
467870
559072
602541
243835
181734
314022
64757
13962
58456
164288
110178
145041
853757
504762
283337
279514
105664
986665
346070
66204
29410
986082
101245
624216
339106
842514
960375
555515
692659
775669
292672
206850
447334
774674
431822
354177
853942
645750
375936
297981
648973
403876
618858
957281
997958
199400
720927
313785
728645
672131
565882
554314
700778
288516
254602
632173
581385
155132
673355
418147
231872
165518
12049
409537
280168
282211
953795
574929
99875
517426
294462
780962
439193
475705
444361
726675
685244
410134
489849
34034
275091
437392
537200
678333
884886
278675
86210
746797
388052
256595
729687
945186
880532
171061
43177
938502
255430
640007
167369
736027
294611
614771
346266
970799
254771
861148
676961
974724
903528
235463
349329
472975
847864
1583
791599
712048
953043
870133
461835
154942
42066
673150
336595
598130
52661
561437
686049
899707
580302
506990
455596
235123
731130
127849
346288
828866
255680
311263
766146
480423
699835
975041
979731
747537
104729
546806
584629
281706
410079
943454
229575
871445
123402
189710
236601
494531
197003
448519
18780
653238
985646
430453
663953
383913
988405
654178
591394
651750
473192
542670
423962
631149
779307
841178
729816
607332
467804
739392
388918
165559
552421
158767
419048
286733
741742
6962
331227
445333
820745
423966
71037
313922
896711
164598
187501
730684
121876
777443
688672
866293
175827
572213
54526
406820
280872
836119
709326
512569
42310
292326
474694
486149
583141
687078
708270
154784
96986
907881
156163
265933
703030
546224
317374
405554
459115
924048
940342
578344
265835
493056
875883
204384
829223
5211
29987
887069
590233
891911
947855
984749
226200
506074
185772
382767
76036
519625
459746
643446
369652
785897
896152
714597
884543
589773
660708
677340
274804
390805
869862
945950
134264
605160
913312
107809
3655
950325
235610
42032
541118
596727
891188
1366
585730
910327
112719
230244
913089
7311
863681
445834
617144
189538
890846
584535
101817
41718
670748
534308
610136
995199
100099
337627
584002
773949
467275
260982
224111
969692
982298
113664
507502
904992
670485
77861
511100
62030
255885
784367
512474
8108
395770
336704
677964
532973
289164
210530
194082
648341
967912
357415
392864
130784
579270
500249
155991
880554
292918
900070
850087
799473
12820
117906
839922
186521
895712
489178
911509
651580
520319
357549
603863
868233
667092
962637
569525
271450
360107
680042
116408
637116
604657
564923
953928
669936
856698
407187
132902
121919
579464
613504
416705
913220
881379
432873
414637
85824
154389
925345
519507
643070
828260
999861
493485
149595
4847
29339
912071
129348
96530
821832
296673
352127
877844
976929
768046
924143
546383
635884
824512
986072
193481
957590
708719
505138
581068
113116
53433
903509
334337
353297
532882
317958
793050
767199
828227
525958
962392
988766
935636
355400
182818
417401
582478
362913
615350
994557
978936
523511
773843
752912
446259
815064
447580
974555
869805
689843
116277
720710
295383
59634
580688
748957
987635
433721
921004
945832
223436
276576
172788
508371
127951
410655
915607
600448
774963
198157
346142
865075
983843
743056
613065
346352
332177
329593
212463
650286
996626
779535
638089
257775
755181
958135
629874
701295
659274
794081
339590
190872
459101
598454
497659
813982
77198
327271
796850
758945
653693
180271
356247
262310
791292
645079
211947
100344
117873
791532
155709
704252
865072
731215
808438
280258
207593
142034
902168
525238
862887
286430
748463
660266
40983
23878
310460
627583
805245
578525
59972
149363
631603
994684
192310
858699
307786
181704
735607
186936
657348
896185
455703
175822
862691
234036
247032
959068
688111
435929
290252
63386
859227
140196
53587
562029
740712
782246
345491
910199
247113
403476
736018
129681
708821
243799
911121
68269
794356
610078
328090
474347
946964
517221
655400
729870
567107
895649
747485
997784
725761
836342
950321
113343
341063
520275
520897
125759
532412
67868
310072
147306
20011
22893
200174
172196
808088
859141
962179
452557
553131
969696
259317
988453
397950
899144
277796
500644
115330
767294
366198
220004
778696
195576
685827
999094
127978
785767
316571
919536
398734
345219
600496
781362
593109
769951
296670
902171
687239
280013
279925
644961
318601
775412
160404
365335
664229
223438
793044
489360
628464
74036
48122
34275
21185
953918
271831
665783
349484
453664
469045
864771
787871
278584
453182
865556
150707
901466
305527
795447
956334
6478
287718
374694
772782
617788
163311
461068
292586
953033
896316
22602
723832
990918
749836
370854
23810
343851
691383
276687
83561
738224
569279
323688
750106
926441
481506
864829
108997
806583
726177
432940
474901
537182
806430
343087
952523
162136
552003
5000
389475
284865
643555
159770
675759
206994
638067
265155
120494
440517
154696
829674
635564
979853
190043
994035
541422
28990
853714
926047
764726
35211
476120
433937
97965
194691
843164
367999
429092
483817
108517
856859
999516
810385
399161
579270
816869
705983
72183
201268
612677
211784
714519
699589
184940
82791
1335
576954
989040
152555
730630
631207
260271
370734
415375
599019
469678
413559
443034
685520
499027
726916
225876
306501
427451
229566
391971
297947
86654
703927
57524
361630
598525
354330
694017
657925
951142
225120
437572
412519
897146
95760
816154
894793
427600
529059
658223
185298
694430
400473
893167
656213
57465
542924
580532
942366
448320
624004
855730
240850
437091
972286
329613
441247
207605
226603
210563
223357
139080
856774
979025
502700
844445
894069
199455
227427
360956
649175
840784
443546
705010
592244
704879
479124
551464
154349
632020
171952
331699
298568
262170
444732
5025
522526
987160
985483
275100
492166
172232
816468
36981
182151
9870
686294
72716
725375
904715
782577
709437
252609
310458
364541
578823
908070
355158
735824
344528
970941
411634
686931
604787
523821
174918
852973
460075
338467
808708
277791
533978
759432
962283
346461
87136
836847
330458
69651
715084
52549
584434
439414
636811
520385
22155
646666
136435
53191
389170
984893
383120
449935
16879
683157
15880
580918
919232
360139
38370
715639
696643
993201
305291
404342
206627
937508
535668
941048
47712
460820
166214
532051
937248
866715
416640
468577
695162
587920
178559
572369
869139
303715
847826
717358
895564
690373
530130
199969
357759
544883
148663
75723
812026
727334
862929
633264
798334
456093
976155
711239
554864
669156
252287
536839
885947
192664
625222
440079
833820
367393
665622
266484
787217
225960
852200
977015
838318
107260
594257
775570
505654
981995
433217
106567
303086
501189
695573
988443
343162
675724
261622
180017
26398
540800
804265
302754
284489
293653
13755
435987
649947
825320
177499
533169
745094
464804
702376
909238
568072
929177
861227
900712
169982
664213
61164
39884
803189
82322
29729
15810
226508
166471
154316
209200
239991
280691
170626
58556
165656
539059
245189
846699
469129
962805
574636
738621
488049
812710
351902
901862
546315
55903
53426
728443
21871
875326
607071
910880
526974
485787
369176
269668
297547
274760
888094
854390
538540
347564
343676
81409
452318
365581
727685
867551
872577
468819
869591
950920
928062
241173
224775
877588
980730
362295
940925
897511
553410
344635
141958
288586
529780
341869
186035
884922
735593
82237
374315
188613
530689
844529
3245
856390
601469
859639
808298
824129
209676
324697
473589
514351
95861
198638
448519
229415
50263
944001
308704
220787
936195
506044
513092
404793
755031
337140
940357
742158
721094
295068
201885
926904
607115
189761
190914
17472
614649
568659
619649
494879
494661
338817
315450
746811
89837
867447
756051
123521
773153
41278
193405
336134
687978
765815
264146
916900
183745
359650
671414
286319
250731
900431
9011
406615
151346
458454
771227
241758
656938
313318
546373
722564
960701
920100
849031
657304
489635
243290
309801
124281
890159
568554
326112
467391
206414
892995
891711
818665
376780
948751
374802
574188
776342
340135
988227
914953
552485
928350
513511
394657
49965
406411
693140
716073
294650
490703
335793
801162
30201
138278
232304
495141
220842
726343
524424
34569
254281
439034
45538
495499
153382
622119
995032
327427
773332
619035
900371
581034
930519
335079
761693
896242
39080
771795
217150
567733
123003
692896
855788
616598
10793
71347
762215
346322
483464
314263
680981
270235
16859
854590
716257
261320
526234
695409
779361
269448
74923
229279
3509
119500
48514
295586
30610
622483
160937
443045
555769
940949
12426
739261
509896
699069
21838
817911
369359
190551
342810
649439
111705
298213
675462
948937
966780
458678
54637
618973
518418
506667
55759
222124
955992
1435
962199
220269
443108
621301
440227
248551
223680
650148
592852
342386
42127
180594
158314
408578
611310
916570
14543
984832
835893
279505
165490
846319
488920
480242
320177
879364
703263
699114
643078
942570
392987
498077
713265
761386
901044
509562
792080
864953
765533
683354
637568
450866
548185
821737
636088
341071
128882
536753
655719
348824
415929
281168
654367
625276
445747
786003
207218
594530
709810
406599
90868
854101
955953
964436
363333
924431
545302
364847
390331
143996
24350
488648
942411
352041
601542
283034
419807
20585
121507
497873
277263
880971
441386
718546
562310
429720
901119
566267
689625
360319
485239
36850
723635
874584
718118
923717
425569
320372
484608
554330
609479
51039
582895
401070
21194
681210
546759
187029
575912
216895
443250
264127
928033
39618
822537
158781
681816
64352
349015
668269
486166
254984
861705
556981
727678
660486
437002
949283
532640
968661
935033
697307
848312
881269
137309
825165
848252
598348
248111
826803
487410
543310
110378
238176
137748
54388
643299
479406
343005
990329
271853
224917
94066
941670
278436
53441
966661
961851
684992
933338
162572
36840
988872
258307
70334
699897
702402
110300
383241
209207
499135
716635
293858
935500
757582
178911
752793
154857
203205
697212
641541
443733
152834
808050
613925
43334
678861
198912
788480
930528
581698
831670
863826
643955
625357
332711
109517
288745
492237
793522
921834
451194
833305
497709
507523
426685
461830
991091
118304
892022
474453
592322
572485
783589
619223
421555
125885
249009
276961
612255
666075
442867
191005
714616
899041
295028
92067
959182
105498
496478
790245
918245
2955
232022
133144
506909
109216
98582
292328
385647
403929
92457
516470
951452
566498
217544
63521
620800
239649
90907
352356
801011
184922
600437
397706
556576
528897
376014
100809
146059
207574
204786
703517
872492
436299
919539
769737
176120
88843
10885
809955
132440
441079
689027
417620
818298
9712
548970
111224
300636
992090
885988
546424
696090
653628
458087
857321
241364
130077
830774
777802
12458
404041
525399
227377
597623
795589
821217
728971
298035
290837
103934
130819
125804
785902
623919
16088
920916
379000
133348
364881
157837
850792
341911
889212
918680
844756
953699
47819
152308
906935
48180
478226
816221
668405
752000
419174
562599
215890
280058
11605
107424
556086
40660
242683
403264
392957
143710
608754
795314
662980
643631
103248
621707
247266
604924
737311
852207
731598
857062
449249
998988
691210
403784
419786
378101
431560
905422
551095
61072
614138
612796
774145
760994
886402
975484
165279
320291
128389
452539
507018
49998
940960
155831
232502
540078
488636
372608
922788
399312
96635
181871
647427
846243
584853
80190
91975
709049
603177
493575
125650
379408
772772
69467
775301
972136
861378
563593
790487
32362
839786
549013
378764
614268
39582
385506
610835
502817
985064
672428
226699
270932
839264
648516
729253
909920
269083
216331
870134
919157
861560
110908
530542
40916
352
104089
584283
622658
382567
996336
714906
893662
160340
322114
628063
174330
573058
886845
582968
466325
420322
942500
508987
120789
859165
758585
337340
997556
190303
745743
348108
253765
907328
436379
489673
253255
726642
161670
192597
546156
466152
458111
824991
301420
155780
873944
198470
293701
69133
388506
570897
54746
80824
40250
835246
677308
359329
50230
870018
506537
273297
893754
633327
35828
480794
755388
396865
532115
311634
912822
317172
770155
258976
386305
12660
913769
768527
274635
534820
125875
76341
313939
889129
729371
885935
589117
921550
431495
403402
997682
514194
750095
17482
384281
824477
351059
897781
132713
173360
749267
201709
71782
68537
979094
338498
702189
540965
702498
970142
922248
219490
267252
628536
573295
996891
17976
446337
374646
565682
772786
570303
999433
795739
937769
958889
748455
800756
646110
751488
532083
965375
156385
357968
308305
638430
551898
315431
161536
240757
391828
310285
606845
378823
659181
103822
508187
211910
576208
140589
499738
846796
182049
156257
177015
134427
946684
745558
292177
23397
568330
985928
644761
178067
501229
30478
133542
673257
664433
706177
669845
471182
683654
46884
408555
167350
533001
458713
241563
746167
690131
805867
694713
200919
759214
359957
133496
331896
911114
838050
600444
861630
834737
964859
978988
832511
260761
448769
344028
562012
704200
539491
605785
147265
538426
985894
861064
308940
752945
343125
461767
854249
34798
477980
32671
509915
373459
251311
124334
591686
614499
713334
577392
362904
336795
938395
620374
410544
772330
705964
185741
430016
998847
602985
756745
629942
856120
651249
973030
990041
580215
995597
704273
519102
781204
916191
384667
263947
979947
406309
287255
121345
998471
414565
877321
990263
13695
111698
992080
944911
94311
211703
143158
72603
509604
653643
163819
156175
683490
501371
737062
735478
408280
734637
279278
777166
484733
11316
839145
832463
948890
564035
934507
785088
307881
188069
730686
724371
986978
140260
698890
340431
864706
956092
565221
855992
20562
57050
471211
228704
594382
157150
389868
454345
616618
236015
625462
221711
403862
743605
477212
469190
955673
55123
201810
933839
13671
340858
657751
850573
4580
66491
143001
585552
953532
134326
988149
755428
873014
576766
449254
197679
743659
711620
495112
763050
143602
123407
555659
373949
300683
569504
637158
966966
876126
678012
215090
297470
173867
482494
188235
981446
848056
785455
154552
442498
617483
209880
742890
392608
144748
491010
65387
661121
10764
375010
571887
750224
928627
44560
290457
824337
343275
251253
473142
329568
874628
832124
837286
249482
466095
51268
690914
864298
729057
929380
526431
594074
207806
521586
688581
65114
68258
35271
358067
634485
400718
626486
839167
975660
830204
710954
32654
533340
531307
485501
307022
618739
797881
137716
746040
519005
284827
286660
916408
456085
866650
257440
218307
808175
775101
68649
990316
26
766878
185799
614063
177298
295755
776496
485815
19000
892172
155628
922844
443858
65456
818421
988071
646300
412262
876351
226495
840863
85144
360339
5225
215775
885200
728171
577846
785413
46505
510789
826463
641944
854257
512141
532127
320345
182527
605798
730920
471173
919902
545268
702806
206343
24297
711675
206256
332616
89995
742778
664975
949044
515061
863746
208968
722019
838205
926184
521061
465096
719763
794787
48856
938218
461970
622137
875499
926556
733918
989823
718828
233164
738588
767214
803466
535654
858266
84863
813201
680212
663786
968113
265133
737626
606880
657933
743016
634272
360071
347586
298394
390579
506447
434942
981515
548414
983559
375481
389895
388793
727546
686613
304609
68219
861974
167060
272016
722118
129061
623465
697231
525792
471353
666337
174831
453211
124995
240934
289184
681090
166124
585100
278150
123537
313251
759153
490181
789928
63551
574031
41470
366217
438346
288326
984169
872398
495568
37489
647514
902502
641923
730411
760739
283622
941220
268033
166856
665602
323265
518934
737001
552827
787322
958889
665480
455231
622804
757488
762914
387705
450573
69321
269705
794634
923476
544829
250084
586705
158325
109332
800144
944537
927551
892963
514875
342433
402743
982622
440957
311928
523640
419663
990061
871132
540731
853283
118385
520426
153119
188721
851619
255942
407989
325288
886632
823030
44918
217109
587999
234311
268527
978799
257385
527100
889283
342207
905415
40531
324209
807674
467008
107366
109996
353732
429297
426460
606472
665150
205244
53044
498483
364089
582914
374496
781480
876683
244167
788299
382749
519340
420012
325806
83150
764377
24811
606426
687781
243764
901923
239683
802851
43077
497269
237655
169089
950155
579515
732248
164558
921471
127711
66512
429107
592980
154010
35878
905632
460986
123521
300158
424113
569851
859489
227863
166464
861844
942289
99621
315546
337230
561373
240096
323766
363911
460776
117848
764582
778272
109066
689493
957656
198073
536127
215438
985255
687429
791701
915865
507115
71642
393119
322604
29580
27731
515321
248150
614539
260611
170243
356294
142536
327781
215534
146217
795162
145866
177751
723045
865041
94033
230326
553412
39335
84729
424011
478408
411579
829234
418404
855670
303611
217048
378585
347220
646707
682296
359847
433121
281435
77802
908738
48221
722009
777061
738639
356979
317061
993193
239350
338716
840500
349917
166992
70622
982281
317752
743012
990220
174017
609154
207066
592415
879940
519915
322478
763841
948112
659923
589551
40032
245958
574923
333761
323087
183874
46801
15869
676439
720370
573429
754008
484451
381337
649103
609130
18232
715796
73820
119001
902064
304929
340903
875774
324004
231581
462113
420945
857889
558832
443279
478997
591527
304250
338986
698266
552462
701793
45566
501158
716475
887330
651458
295425
935388
746197
52964
882634
589695
527776
723063
933232
147408
964190
953065
154669
167575
528354
957003
244072
595434
62707
219800
427493
742072
412900
680658
819286
769494
702773
103993
624656
240568
409621
571341
841352
660553
359865
561163
932282
454021
496131
132826
697513
827005
743974
417764
126640
241434
337544
957417
53310
32224
589834
679806
71403
213519
992028
752266
438275
173899
345309
133676
838403
436391
463580
156023
621532
291978
972694
203020
590223
791033
713676
703126
203487
955184
20665
379516
845070
483100
200886
449894
581207
549225
676097
545238
531347
975044
694384
52993
629965
583048
171189
512841
98584
879360
904363
429230
651080
652233
929786
828882
315326
370034
41585
752862
965791
192192
378231
397862
370100
95218
73246
697792
285936
414061
685432
313298
182925
812494
997058
41116
172498
836490
841648
975870
796061
891402
20410
170349
792528
726121
317030
469175
676575
64406
948199
111171
872476
265170
765078
123642
385777
504506
621298
975933
113007
350312
872719
909289
581199
904835
311029
996370
460852
499350
99823
303382
87273
570286
632794
758438
481557
913590
52672
744654
602608
268954
485321
338110
240336
655631
738908
397894
926242
759033
324036
682951
760503
681345
386721
161159
119652
494525
341645
321536
254565
584671
522370
372457
215900
698542
314700
37578
802114
571560
804356
623326
136038
207377
719469
502998
782096
242043
93171
653562
504685
418268
181628
523982
856369
739985
998322
518416
946290
94647
61154
140895
148195
888990
562016
299368
546815
502016
641925
798651
272793
837395
545256
858745
832828
620147
990840
517415
696506
365809
31418
998365
853274
866805
697146
78889
958813
647815
299017
994983
342935
57795
9621
576339
711066
3775
679489
339730
908696
852582
436108
28724
78024
111572
686063
429950
911848
975032
707987
761856
740156
572883
942998
933906
925231
249734
830383
222946
256516
548022
656925
976133
774748
665820
86874
629462
603056
904840
250655
871831
935049
606392
348297
354792
234314
917759
814568
73976
46139
300569
228680
266801
763289
290182
114105
675724
776404
749593
408875
400187
740108
626674
811798
647234
911489
484009
731420
629133
230123
897925
184510
185407
204944
331332
952878
321549
881227
601554
823077
244320
489331
825551
849818
453666
724295
72435
1241
469802
941128
542849
356704
101051
345046
854290
458886
521358
900329
49504
977834
123896
938116
254477
536965
916923
646770
7221
106271
483734
245000
715592
180677
413934
452885
2677
874283
715070
848901
617303
817420
684547
848126
301113
105953
907910
185049
615854
98785
364357
30290
649119
69056
587852
542383
362225
788573
452614
585252
682482
100781
87104
345470
636909
849295
211785
657643
713217
122
255526
272226
641114
571588
224521
740142
324877
510675
49127
926738
668040
501937
776443
875723
11377
12442
929617
853119
276929
935137
939777
34619
555083
552626
246055
555093
374133
395258
287304
437474
563725
88334
866243
360442
912785
495
150776
704321
287721
64004
143551
113111
955557
292049
231302
457504
846520
592993
263291
138837
163205
899930
667639
656715
762363
888187
812065
726476
529243
20027
349706
870341
779911
207984
258578
91371
294840
759196
322133
135655
794750
367603
492269
181226
198540
621367
250892
54024
583532
342331
500296
589890
188309
310826
190000